<html>
<head>

<meta name="generator" content="RoboHelp by eHelp Corporation   www.ehelp.com">
<meta name="description" content="WebHelp 5.50">
</head>
<body>
<script language="javascript" src="whfwdata.js"></script>
<script language="javascript">
<!--
//-->
</script>
<script language="javascript">
<!--
aWE("stay",614,366,619,465,466,474);
aWE("std",109,517);
aWE("steady",513);
aWE("steel",295);
aWE("steep",467,67);
aWE("step",230,512,513,68,528,599,28,646,315,330,536,562,131,1,137,634,651,609,139,140,141,142,2,548,573,588,591,615,616,617,374,378,395,3,403,4,618,436,662,437,457,473,517,608,493,54,67,55);
aWE("step1",609);
aWE("step2",609,374);
aWE("sterl",510,601,559,621,588);
aWE("still",511,611,329,594,576,548,623,637,639,61,664);
aWE("sting",510);
aWE("stitch",316,342,218,656,691,667,227,202,485);
aWE("stl",312,115,648,395,495);
aWE("ston",295);
aWE("stop",614,519,520,521,523,525,526,527,92,556,557,558,606,621,548,573,588,664,517);
aWE("stor",70,512,513,250,252,272,28,287,289,290,293,303,304,306,307,308,221,647,36,313,116,119,328,332,333,334,335,129,58,344,351,352,354,218,359,360,657,388,389,390,391,392,393,394,399,402,406,411,295,434,456,462,463,223,484,668,16,671,495,53,672,674,67,506,509);
aWE("stp",131,395);
aWE("str",313,139,140,141,142,144,616,224,228);
aWE("straight",599,271,536,562,1,351,2);
aWE("strategy",620);
aWE("stream",528,610,524,609,417,690,67);
aWE("strength",246,245,244,249,310,113,595,554,343,345,218,220,656,149,385,409,158,159,176,227);
aWE("stres",557);
aWE("string",224,227,228,67,55);
aWE("strip",510,513,80,614,612,514,271,294,686,313,321,515,561,535,536,562,596,577,563,537,127,630,356,137,621,218,361,635,573,590,531,549,575,516,688,295,618,431,159,440,442,692,663,664,181,465,473,474,517,693,668,671,643,228,674,67);
aWE("stripesmaxdist",181);
aWE("stripesmindist",181);
aWE("strong",512,246,245,244,614,310,113,595,554,596,577,563,343,345,149,385,409,158,692,176,640);
aWE("structur",260,647,316,687,688,691,695,67,55);
aWE("stuck",630);
aWE("studio",312,115);
aWE("styl",614,65,343,421,422,54,67,55);
aWE("sub",510,274,292,266,329,131,1,346,656,623,148,395,664,468,482,484,671,494,674,67);
aWE("subdivid",342,218,656,691,667,486,203);
aWE("subdivision",0,4);
aWE("subject",64,531,549);
aWE("submenu",654,661,671);
aWE("submesh",656,397,495,67);
aWE("subsequent",259,277,276,266,329,330,268,536,562,336,650,346,652,370,373,375,377,379,383,673);
aWE("subset",230);
aWE("subtract",183,189,190);
aWE("successful",510,512,513,519,520,521,523,525,526,527,266,329,346,651,617,517,485);
aWE("sufficiency",17);
aWE("sufficient",64,617,624,638,631,517);
aWE("suffix",1);
aWE("suggest",510);
aWE("suitability",50);
aWE("suitabl",115,317,318,319,343,574,374,378,3,67);
aWE("summary",0,557,4);
aWE("sunlight",640);
aWE("sunny",595,533,554);
aWE("sup",19,599,596,66,588,616,627,550,540);
aWE("suppli",64,633,570,547,606,621,548,573,588,616);
aWE("support",632,686,312,559,563,338,66,621,622,395,631,639,416,297,641,669,67,55);
aWE("sur",513,585,514,41,621,2,617,639,428,452,620,627,579);
aWE("surfa",630,622,574,573,623,626,627,579,642,67,581);
aWE("surfac",230,510,511,512,513,0,246,245,244,614,253,82,528,519,520,521,523,527,612,599,87,17,514,274,104,677,678,679,681,683,684,685,646,34,686,36,37,545,316,515,326,39,266,332,333,595,533,554,563,537,131,1,7,58,59,41,8,344,345,346,609,621,218,140,361,362,363,2,687,656,572,635,148,378,385,529,395,516,403,409,410,689,419,4,691,618,158,436,662,439,440,448,450,50,692,61,664,620,180,182,466,467,666,472,473,194,693,671,494,673,674,695,67);
aWE("surplu",218,656,438,165,503,213);
aWE("surround",510,596,577,563,537,345,687,385);
aWE("suspect",1);
aWE("swap",326,59,631,4,669,67,55,506);
aWE("switch",512,513,10,22,23,613,610,611,599,275,287,291,646,33,34,308,309,312,316,328,266,329,333,552,558,559,560,534,536,562,563,58,41,8,344,650,346,351,60,352,12,354,583,621,607,572,548,574,589,573,588,658,617,376,378,659,399,660,631,406,411,417,428,618,434,625,444,443,446,449,448,456,61,664,665,517,627,592,669,642,495,673,674,67,581,598,506,509);
aWE("sy",313);
aWE("symbol",36,313,37,630,219,227,67);
aWE("symmetry",29,465);
aWE("synchronisation",397,398,628,598);
aWE("synchronistation",67);
aWE("synonymous",403);
aWE("syntax",219,220,201);
aWE("sysrq",667);
aWE("system",265,64,229,230,510,511,632,512,513,234,235,71,613,250,633,518,528,519,520,521,610,522,523,524,525,526,527,611,612,599,17,514,676,29,677,678,679,680,681,682,683,684,685,287,290,292,294,109,303,646,34,686,36,313,37,603,321,322,515,330,268,269,530,546,586,568,569,587,570,547,538,565,578,597,556,536,562,596,577,563,564,338,58,59,634,542,583,571,651,652,606,604,600,609,621,218,139,140,141,142,2,607,364,145,635,548,622,573,588,623,365,366,615,616,617,388,389,390,391,392,393,394,636,637,400,516,402,624,638,631,689,296,416,417,427,618,431,433,625,452,454,457,461,174,664,620,665,473,194,667,481,226,517,627,579,640,550,592,540,668,16,608,641,669,694,671,643,499,211,673,674,67,581,55,598);
aWE("system_driv",337,493);
aWE("system32",169);
aWE("systematic",621);
aWE("t",22,17,275,596,577,563,537,342,630,42,357,378,397,398,399,402,667,227,202,485,671,26);
aWE("t1",92,313,224,499);
aWE("t2",313,499);
aWE("t3",313);
aWE("tab",614,17,90,91,93,94,96,97,98,99,677,678,679,680,681,682,683,684,685,312,266,329,538,565,578,597,552,594,532,553,576,595,533,554,556,557,559,560,534,561,535,536,562,596,577,563,537,564,58,650,346,623,369,371,372,374,376,378,380,381,382,659,660,403,404,405,407,415,416,295,618,431,61,664,665,473,667,517,671,67);
aWE("tabl",512,0,92,514,28,36,313,37,515,327,266,329,65,343,346,352,360,43,516,224,295,50,222,667,226,227,67,55);
aWE("tabloid",19);
aWE("tabular",312,4);
aWE("tabulation",416);
aWE("tactil",519,520,521,523,525,526,527,218,417,419,67);
aWE("tag",19,55);
aWE("tak",510,246,245,244,521,17,677,678,679,680,681,682,683,684,685,558,563,564,630,609,621,363,617,295,297,436,665,593,517);
aWE("taken",510,512,513,17,677,678,679,681,683,684,685,268,58,609,548,573,588,4,436,517,67);
aWE("tangent",313,266,346,374,431,453,67);
aWE("tangential",609);
aWE("tap",616,617);
aWE("target",230,92,99,312,266,329,330,269,123,346,609,218,2,378,436,486,228);
aWE("targetindex",99);
aWE("targettyp",99);
aWE("task",249,345,385,3);
aWE("te",206);
aWE("teach",517);
aWE("technical",641);
aWE("techniqu",615,473,474);
aWE("technology",67);
aWE("tel",64,54,55);
aWE("telephon",641);
aWE("tell",41);
aWE("temp",122,536,562,337,224,225,493);
aWE("temperatur",512,603,557,596,563,537,548,573,588,616,67);
aWE("templat",19,0,89,28,266,329,122,6,346,218,4,50,14,227,54,26,67,55);
aWE("temporary",677,678,679,680,681,682,683,684,685,119,266,329,123,337,129,650,346,218,658,224,403,295,664,227,493,67);
aWE("term",650,404,405);
aWE("terminal",556);
aWE("terminat",610,611,612,139,140,141,142);
aWE("test",511,512,0,599,603,559,606,631,422,517,54,67,55);
aWE("text",0,29,33,221,38,39,65,1,66,60,609,218,358,139,140,141,142,2,144,657,659,402,416,421,4,430,437,50,225,473,474,667,668,16,669,54,67,55);
aWE("textual",430);
aWE("th",388,389,391,403,299,674);
aWE("than1",650);
aWE("theauto",34);
aWE("thedongl",573);
aWE("them",230,510,250,252,24,17,262,514,270,273,274,103,29,278,308,310,113,647,311,312,115,314,326,328,335,128,1,6,7,58,343,349,621,357,218,219,358,363,656,43,658,44,617,370,374,376,378,379,46,659,660,400,224,631,406,411,412,413,414,433,434,662,625,162,457,222,61,664,619,468,666,471,188,667,476,196,517,627,669,671,228,496,26,672,67,55);
aWE("themselv",647,625);
aWE("therefor",582,567,541,692,671,67);
aWE("therender",671);
aWE("therm",225);
aWE("thicknes",0,519,536,562,1,420,298,4,67);
aWE("thin",249,316,342,218,656,666,472,192,193,202,485,486,203);
aWE("thing",616);
aWE("thinnest",249);
aWE("third",230,525,17,90,94,97,99,100,312,313,330,333,536,562,7,352,609,621,655,3,419,662);
aWE("thos",513,538,565,578,597,335,128,60,12,218,548,573,588,400,433,452,61,664,464,467,476,196,672);
aWE("though",630);
aWE("thre",230,513,528,519,523,524,525,526,94,274,645,684,292,310,312,266,330,530,546,586,568,569,587,555,536,562,57,7,59,346,350,133,609,357,218,220,607,590,531,549,575,43,370,376,377,378,379,659,400,224,403,420,456,457,664,477,608,669,694,671,228,672,673,67,581);
aWE("thread",591,550,592,540);
aWE("threshold",510,632,0,243,237,238,239,240,241,242,73,74,75,76,77,78,79,614,596,577,563,537,1,618,180,466);
aWE("thru",67);
aWE("thu",230,290,409,689,425,435,665,517,669);
aWE("thumbnail",54,67,55);
aWE("ti",631,580);
aWE("tick",250,252,290,291,293,294,300,301,675);
aWE("tif",4,478,55);
aWE("tiff",478,67,55);
aWE("tighten",512,599,621,588,591,593);
aWE("til",250,252,342,403,667,487,488,669,67,675);
aWE("tim",64,230,70,512,233,23,614,250,252,518,528,610,522,523,524,527,611,612,272,28,287,289,290,293,303,304,305,306,307,308,221,603,315,328,266,329,333,570,547,594,532,553,576,560,534,561,535,536,562,563,334,335,337,650,346,352,354,621,363,607,635,623,44,45,369,371,372,374,376,378,380,381,382,388,389,390,391,392,393,394,397,398,155,156,660,224,624,406,410,411,295,690,618,539,566,434,50,461,692,61,462,463,465,466,474,593,477,517,484,671,672,674,67);
aWE("timeout",631);
aWE("tip",513,614,609,67);
aWE("titanium",510,603,559,563,571,604,621);
aWE("titl",0,313,538,565,578,597,368,50,673,67);
aWE("tobacco",360);
aWE("toc",608);
aWE("tocopy",146,163);
aWE("togeth",678,679,680,686,131,7,351,148,395,397,400,433,473,494,54,67);
aWE("toggl",111,112,342,378,444,443,449,448,222,61,664,187,667,489,674);
aWE("toleranc",510,513,243,73,249,519,520,521,522,523,524,525,526,527,255,274,103,104,677,678,679,680,681,683,684,685,561,131,342,58,609,218,139,140,141,142,143,395,400,410,661,418,419,433,459,490,54,67,55);
aWE("too",513,614,250,1,635,394,624,440,61,664,473,640,674,67);
aWE("took",1);
aWE("tool",260,103,104,105,287,33,34,113,647,120,318,319,320,323,324,325,333,130,41,343,8,66,352,656,623,147,148,149,660,516,691,158,161,162,165,166,167,465,466,666,474,198,199,202,203,212,213,67);
aWE("toolbar",18,510,511,610,611,17,644,27,29,32,287,300,33,34,308,35,328,332,122,538,565,578,597,131,342,6,58,59,349,605,352,606,218,43,658,44,45,368,150,395,153,399,405,406,407,47,411,296,425,618,434,160,435,50,456,168,171,460,183,185,187,188,189,190,194,667,223,517,201,487,488,669,53,672,674,695,67,506,509);
aWE("toolcas",550,592,540);
aWE("tooltip",47,669);
aWE("top",0,250,252,29,677,681,287,39,269,333,352,218,573,417,295,428,4,434,436,665,465,473,185,223,67,55);
aWE("topic",229,231,232,10,23,255,259,264,263,27,275,277,276,300,686,115,36,37,117,321,322,65,339,340,40,58,41,347,12,354,355,651,652,653,654,361,362,363,365,367,44,45,387,660,409,430,454,458,459,461,61,465,479,480,481,670,671,53,62,63);
aWE("topleft",54,55);
aWE("topology",656,450,620);
aWE("topright",54);
aWE("torqu",512);
aWE("total",277,276,431);
aWE("touch",585,609,548,573,588,617,620,579);
aWE("toward",646,310,266,269,332,59,346,218,2,687,387,152,456,665,666,187,669);
aWE("tp20",67);
aWE("tpq",67);
aWE("tpt",227);
aWE("tptnam",122);
aWE("tr",227);
aWE("track",609);
aWE("trad",230,55);
aWE("trademark",64);
aWE("train",631,415,641);
aWE("traingl",193);
aWE("transduc",621);
aWE("transfer",221,581,598);
aWE("transform",18,234,235,71,29,330,218,691,671,228);
aWE("transformation",265,229,230,70,0,233,234,235,71,611,259,17,92,100,264,263,645,676,275,677,685,292,686,313,266,329,330,268,269,123,336,338,342,7,41,8,650,346,347,357,218,655,2,365,367,384,395,297,429,4,431,436,619,201,694,671,228,492,496,499,211,67);
aWE("transformation_nam",313);
aWE("translat",18,21,599,34,342,59,218,655,365,367,658,386,399,436,662,457,665,227,669,671,492,67);
aWE("translatabl",67);
aWE("translation",230,70,234,235,365,367,388,403,457,694,492);
aWE("transmit",598);
aWE("transparency",17,58,297,298,422,424,67,55);
aWE("transparent",17,58,8,609,298,422,424,55);
aWE("transvers",19);
aWE("transversal",374,376,378,379);
aWE("travel",620);
aWE("tre",229,230,232,234,235,71,248,256,260,92,644,264,263,27,272,103,676,275,104,105,279,282,285,286,289,303,304,305,306,307,113,647,120,334,335,125,126,127,336,65,130,343,347,630,352,138,357,218,359,360,653,656,365,367,341,146,147,148,149,384,386,400,296,429,430,431,432,158,441,442,444,443,445,446,449,448,447,161,162,50,163,453,165,166,167,177,462,463,468,469,184,475,476,196,197,198,479,480,482,199,484,202,203,694,670,671,228,496,206,207,497,208,499,211,500,672,695,212,213,67,55);
aWE("treat",585,599,601,603,1,607,548,573,588,397,398,416,620,667,227,579);
aWE("tri",230,243,312,115,648,266,596,577,563,537,346,395,227,517,641,67);
aWE("triangl",249,274,103,104,313,316,326,332,342,343,345,630,218,687,656,385,395,397,155,688,409,410,691,431,438,439,440,443,448,447,450,165,166,167,692,178,179,180,181,464,466,666,472,473,474,187,192,193,477,198,227,485,486,203,669,671,494,495,674,503,213,67);
aWE("triangulat",131,395);
aWE("trig",599,603,562,596,577,621,574,589,573,588,664,592,628,642,581,598);
aWE("trigger",596,577,563);
aWE("trim",342,218,433,663,490,204,67);
aWE("trimpatch",218,204);
aWE("tripl",43);
aWE("tripod",512,615,616);
aWE("tron",70,225);
aWE("troubleshoot",221,623,642,643);
aWE("tru",2);
aWE("trx",195,227);
aWE("try",230,513,243,614,249,104,621,218,656,635,622,397,398,436,195,227,640);
aWE("trz",195,227);
aWE("ts",639);
aWE("tun",243,595,533,554,8,652,631,223);
aWE("tur",227);
aWE("turbo",562,563,67);
aWE("turn",599,595,533,554,41,630,134,135,621,218,427,625,620);
aWE("tutorial",266,329,649,342,346,491);
aWE("twic",646,218,401,664,672,674,505,507,215,216);
aWE("twist",599);
aWE("two",265,230,512,513,614,250,252,518,519,522,525,526,259,17,90,94,96,98,514,274,29,683,684,287,313,37,322,326,330,333,570,547,558,536,562,563,1,58,344,346,351,609,218,359,2,607,548,623,366,43,617,373,374,375,376,377,378,379,383,400,516,224,403,405,688,409,689,661,412,413,414,416,419,420,298,428,4,618,431,433,436,662,625,440,451,457,459,61,664,620,665,667,223,485,668,671,228,494,495,496,54,672,673,674,503,67,55);
aWE("txt",130,339,340,132,218,358,656,657,222,169,170,225,201,67);
aWE("typ",70,510,511,512,19,0,234,235,243,73,614,68,259,260,86,17,90,91,92,93,94,95,96,97,98,99,100,644,514,267,270,272,28,103,29,677,678,679,680,681,682,683,684,685,287,646,33,647,686,312,115,313,601,603,515,327,38,266,329,332,122,123,538,565,578,597,556,558,536,562,596,577,563,537,126,127,336,131,342,57,7,58,343,650,346,634,606,609,621,138,218,219,220,359,360,655,363,143,144,364,574,589,573,588,590,531,549,575,366,146,370,373,374,375,377,378,383,387,400,224,408,688,425,428,430,431,433,442,50,163,222,61,664,225,464,466,467,468,666,470,471,472,473,474,184,186,195,667,223,197,479,480,517,641,669,694,671,228,492,206,208,209,672,695,67,55);
aWE("typical",513,599,601,603,568,607,548,573,588,615);
aWE("u",69,236,72,560,534,342,5,667,486,203,498,210,212,501,502,67);
aWE("uc",55);
aWE("ui",69,70,71,72,73,74,75,76,77,78,79,80,81,82,83,84,86,87,88,89,90,91,93,94,95,96,97,98,99,100,101,102,103,104,105,106,107,108,109,110,111,112,113,114,115,116,117,118,119,120,121,122,124,125,126,127,128,129,130,131,132,133,134,135,136,137,138,139,140,141,142,143,144,145,146,147,148,149,150,151,152,153,154,155,156,157,158,159,160,161,162,163,164,165,166,167,168,169,170,171,172,174,175,176,177,178,179,180,181,182,183,184,185,186,187,188,189,190,191,192,193,194,196,197,198,199,200,201,202,203,204,205,206,207,208,210,211,212,213,214,215,216,217);
aWE("unabl",638,626);
aWE("unacceptabl",230);
aWE("unaffect",464,465,466,467,470,471,472,473,474);
aWE("unavailabl",277,276,291,292,294,339,340,384,429);
aWE("unchang",345,347,385,410,453);
aWE("uncheck",230,646,556,596,577,563,363,365,341,386,297,618,665,670,501,502);
aWE("uncompensat",417);
aWE("unconnect",688,440);
aWE("undefin",329);
aWE("underlin",65,54,55);
aWE("undersid",585,579);
aWE("understand",573,588);
aWE("undesirabl",410);
aWE("undo",279,286,646,309,112,315,342,218,384,429,667,671,493,205,67);
aWE("undock",657);
aWE("uneven",1);
aWE("unexpect",316);
aWE("unfold",1,2,4);
aWE("unhid",67);
aWE("unhidden",274,476);
aWE("uni",67);
aWE("unicod",227,55);
aWE("unifi",131,218,656,148,395,494,67);
aWE("unification",67);
aWE("uniform",8,439);
aWE("uniformity",67);
aWE("unify",293,342,218,656,148,691,494,495,672,67);
aWE("unigrafic",67);
aWE("unigraphic",131,395);
aWE("uninstall",623);
aWE("uniqu",563,1);
aWE("unit",64,0,599,312,313,621,574,589,43,416,428,4,550,540,54,673,580,67,55);
aWE("universityofsurrey",115);
aWE("univofsurrey",312,395);
aWE("unknown",363,430);
aWE("unles",511,512,0,1,631);
aWE("unlik",410,201);
aWE("unlike",512);
aWE("unlimit",358,139,140,141,142);
aWE("unload",594,532,553,576);
aWE("unlock",230,342,218,670,671,228,496,206,67);
aWE("unnecessary",278,617);
aWE("unpaint",614);
aWE("unplug",627,628);
aWE("unpredictabl",268,269,378);
aWE("unsatisfactory",513);
aWE("unsav",311);
aWE("unselall",218,227,207);
aWE("unselect",272,322,335,342,349,218,462,463,666,469,188,476,668,669,670,671,207,497,208,209,67);
aWE("unselentity",218,228,208);
aWE("unselentitytyp",218,209);
aWE("unsuccessful",512);
aWE("unsuitabl",548,573,588);
aWE("unsupport",603);
aWE("unsur",510,513,631);
aWE("unus",92);
aWE("unwant",403);
aWE("up",230,511,512,21,243,73,613,614,249,585,68,519,520,521,610,523,525,526,527,611,599,17,28,104,308,221,686,36,313,37,601,603,319,323,328,558,596,577,563,537,336,342,5,40,58,59,343,630,652,621,218,219,607,548,573,588,623,43,44,45,615,616,617,376,397,13,399,405,406,407,410,411,412,413,414,299,434,50,664,620,665,468,473,474,667,223,627,579,608,487,488,669,498,210,672,673,674,67,581,598,506);
aWE("updat",64,230,513,23,250,252,28,29,677,678,679,681,683,684,685,292,294,603,266,329,556,342,5,58,650,345,346,60,12,609,621,357,218,607,623,13,421,422,428,627,694,671,496,499,53,211,26,67,675);
aWE("updatecurrentc",218,211);
aWE("updatein",23);
aWE("upgrad",599,603,622);
aWE("uppercas",55);
aWE("upward",513,58,651,45);
aWE("us",265,64,230,18,70,510,511,512,513,56,19,0,243,246,245,244,613,614,249,584,518,528,519,520,521,610,522,523,524,525,526,527,611,612,599,256,24,259,87,17,90,91,93,94,96,97,98,99,100,261,644,514,270,271,28,274,103,645,676,104,29,684,287,109,303,646,33,34,308,309,647,686,312,36,313,37,545,601,603,315,316,515,326,328,266,329,330,268,269,332,333,122,570,547,538,565,578,597,552,594,532,553,576,595,533,554,556,557,558,561,535,536,562,596,577,563,537,336,337,65,131,339,340,1,6,7,58,59,41,343,8,344,650,345,346,66,348,349,351,630,60,352,12,354,355,634,652,606,609,621,218,219,358,220,359,360,139,140,141,142,361,362,655,363,2,687,656,144,145,548,574,589,573,588,366,657,658,44,45,615,617,368,369,370,371,372,373,374,375,376,377,378,379,380,381,382,384,385,388,389,390,391,392,393,394,153,154,636,397,398,46,637,399,400,516,224,631,404,405,406,688,409,410,411,689,661,412,413,414,415,416,417,418,419,420,295,421,297,423,299,425,428,429,4,691,618,539,566,430,433,434,436,662,437,625,48,447,451,50,454,456,457,458,222,461,692,61,664,620,225,665,465,466,467,666,474,15,195,667,477,226,227,517,483,484,627,641,669,694,670,671,628,228,492,493,494,495,54,26,672,673,674,695,501,502,67,581,55,506);
aWE("usabl",621);
aWE("usag",614,349,397,398,222,664,54,67,55);
aWE("usb",599,603,547,559,542,583,604,621,588,591,631,593,550,592,540,598);
aWE("useacisheal",131);
aWE("useful",230,513,21,243,237,238,239,240,241,242,614,249,250,252,523,271,29,290,293,303,221,309,315,326,595,533,554,40,7,58,41,8,344,42,354,359,140,378,379,395,396,427,618,438,454,465,472,473,478,481,482,484,486,671,493,53,26,672,67);
aWE("useles",225);
aWE("user",66);
aWE("usingwindow",636);
aWE("usual",512,686,266,329,346,359,43,47,4,691,619);
aWE("utf",54,55);
aWE("utiliti",610,611,612,599,321,322,555,600,516,417,667,668,16);
aWE("utility",599,601,621,623,608,67);
aWE("uv",236,363,143,224,618);
aWE("v",69,64,231,236,72,272,560,534,342,344,157,401,458,667,488,671,212,501,502,67);
aWE("v10",67);
aWE("v11",510,67);
aWE("v12",510,631,67);
aWE("v13",510,313,67);
aWE("v13fp1",67);
aWE("v14",67);
aWE("v3",67);
aWE("v4",131,395,67);
aWE("v5",599,131,548,573,588,395,67);
aWE("v6",67);
aWE("v7",510,632,67);
aWE("v8",510,295,67);
aWE("v9",70,67);
aWE("valid",265,511,513,104,266,536,562,650,346,354,652,224,691,464,203,672);
aWE("valu",230,510,511,512,513,0,20,236,243,237,238,239,240,241,242,246,245,249,68,519,520,521,522,523,524,527,599,17,90,91,92,93,94,95,96,97,98,99,100,514,28,274,104,29,677,678,679,680,681,682,683,684,685,277,276,280,281,283,284,287,290,108,109,34,221,36,313,37,316,317,318,319,320,321,323,324,325,515,38,266,329,333,123,533,556,560,534,561,535,536,562,596,577,563,537,124,131,1,58,41,343,8,650,345,346,352,42,356,606,609,621,138,218,220,139,140,141,142,655,363,143,2,656,144,623,366,341,146,43,369,370,371,372,373,374,376,378,380,381,382,383,385,386,388,395,153,154,397,398,155,400,516,224,402,405,410,417,418,420,295,421,298,422,299,424,428,4,618,431,433,439,440,452,163,222,459,461,466,467,666,470,472,473,192,193,194,227,517,201,486,668,694,490,228,492,494,206,54,26,674,63,501,502,503,67,55);
aWE("valuabl",620);
aWE("value_2",55);
aWE("value_n",55);
aWE("value1",55);
aWE("vari",243,73,596,577,537,4);
aWE("variabl",28,224,222,54,67,55);
aWE("variation",599,533,554);
aWE("variety",363,617,691);
aWE("variou",676,225,668,16,492);
aWE("vary",514,515,266,333,536,562,609,671);
aWE("vda",312,115,131,395,67);
aWE("vector",646,34,318,319,320,323,58,687,375,431,453,672);
aWE("velcro",573,588);
aWE("velocity",517);
aWE("verag",244);
aWE("verifi",517);
aWE("verify",599);
aWE("versa",243,237,238,239,240,241,242,98,274,111,112,601,326,562,563,348,418,453,187,489,506);
aWE("version",632,512,0,68,599,645,313,601,603,563,537,131,1,66,605,634,621,623,395,396,539,566,430,667,641,54,67,55,598);
aWE("vertex",352,687,409,457,180,466);
aWE("vertic",249,271,104,287,310,312,313,333,356,218,687,656,388,394,688,409,410,431,438,445,446,450,165,457,459,175,180,466,666,470,484,671,490,674,503,213);
aWE("vertical",513,250,252,327,269,342,609,366,403,295,422,4,433,665,473,667,488,669,673,67,675);
aWE("very",512,21,243,237,238,239,240,241,242,246,245,614,528,519,520,521,523,527,599,256,259,29,109,221,309,315,326,266,329,563,537,65,346,363,43,374,378,388,389,295,551,618,440,450,225,467,473,227,482,484,579,493,67);
aWE("via",56,613,68,17,644,109,562,58,60,139,140,141,142,3,664,667,226,669,672,674,695,580,67,581);
aWE("vic",243,237,238,239,240,241,242,98,274,111,112,601,326,562,563,348,418,453,187,489,506);
aWE("video",630,623,631,297,626,642,67);
aWE("view",9,231,232,18,513,0,80,247,81,250,251,252,256,644,27,272,29,277,276,290,288,291,292,293,294,300,301,302,110,114,313,326,331,121,569,587,552,557,536,562,596,577,537,335,125,128,339,340,342,5,40,6,58,59,344,348,350,133,351,630,136,353,354,355,621,357,218,358,2,656,548,573,588,623,366,376,394,46,13,400,408,295,297,299,424,4,539,566,431,433,160,435,48,442,454,164,455,457,458,61,664,468,473,474,475,667,476,196,478,226,517,484,627,669,694,671,494,495,496,498,210,54,500,672,674,695,67,675,55,504,505,507,508,509,214,215,216,217);
aWE("viewabl",644,59,658,456,669,673,674);
aWE("viewparam_x",67);
aWE("viewpo",197,228);
aWE("viewpoint",218,658,456,665,195);
aWE("viewport",231,232,18,21,22,247,81,250,644,272,274,29,677,678,679,680,681,682,683,684,685,287,289,290,302,110,304,306,307,34,308,686,313,328,266,329,269,331,121,332,342,57,6,59,343,344,650,346,350,133,351,352,136,353,218,653,655,687,366,658,369,371,372,374,376,378,380,381,382,388,389,390,391,392,393,394,399,400,404,406,411,295,297,299,428,431,432,433,434,160,444,443,445,446,449,448,447,164,455,456,457,458,665,465,466,666,474,183,185,187,189,190,475,195,667,197,478,484,489,669,694,671,228,495,498,210,672,673,62,674,63,695,67,504,505,506,507,508,509,214,215,216,217);
aWE("viewposition_nam",313);
aWE("violet",1,295,4);
aWE("virtual",631,404);
aWE("visibility",297,664);
aWE("visibl",230,234,235,71,236,21,243,237,238,239,240,241,242,73,74,75,76,77,78,79,246,245,244,250,252,260,86,17,262,101,267,270,271,273,102,274,29,278,107,280,281,282,290,646,308,310,313,117,314,316,317,318,319,320,321,322,323,324,325,326,328,58,59,343,8,345,349,351,356,609,218,362,363,370,375,379,151,385,387,152,400,408,410,411,297,433,434,438,439,440,450,454,459,461,663,664,177,178,179,180,181,182,463,464,465,466,467,468,666,469,470,471,472,473,474,183,188,189,190,191,192,193,477,481,517,483,485,486,669,694,494,207,672,674,501,502,67,675,504,505,507,508,509,214,215,216,217);
aWE("visual",289,7,359,360,295,427,444,443,445,446,449,448,447,468,489,672);
aWE("visualis",677,678,679,680,681,682,683,684,685,303,304,306,307,7,650,376,690,671,67);
aWE("visualisation",644,58,8,60,687,388,389,390,391,392,393,394,400,689,298,424,433,692,664,620,667,484,670,671,672,673,674,695,67);
aWE("visualiz",29);
aWE("visualization",67);
aWE("voic",567,548,573,588,415,664,580);
aWE("void",36,116,2);
aWE("vol",227);
aWE("volsmp",218,212);
aWE("voltag",596);
aWE("volum",69,686,313,342,218,656,691,663,227,212,501,502);
aWE("volumetric",378);
aWE("voxel",363);
aWE("vxx",65,623);
aWE("w",69,614,342,352,667,489,212,501,502,503,213,67,509);
aWE("w3",55);
aWE("wait",617);
aWE("wak",667);
aWE("wall",0,521,1,4,440);
aWE("want",230,243,250,252,17,271,275,29,278,287,33,34,315,38,266,329,332,333,41,8,344,650,346,349,352,354,358,359,363,44,45,379,224,403,425,452,619,225,665,465,466,472,473,474,223,478,671,228,26,672,55);
aWE("warm",512);
aWE("warn",230,510,632,513,234,235,236,518,519,520,521,522,523,524,525,526,527,257,258,267,29,279,286,109,603,594,532,553,576,536,562,596,635,402,419,420,667,517,483,201,26,67,675);
aWE("warninglevelconditionnumb",109);
aWE("warninglevelstandarddeviation",109);
aWE("warrant",64);
aWE("warranty",64,66,548,573,588);
aWE("watch",599);
aWE("wav",415);
aWE("wavefront",312,115,395);
aWE("wavy",621);
aWE("way",265,512,513,614,250,611,254,25,273,274,645,290,647,333,536,562,1,650,356,357,220,655,573,623,617,374,377,378,383,393,224,401,412,413,414,691,618,436,662,442,457,667,223,485,671,228,54,673,675,55);
aWE("wc",313,138,357);
aWE("wear",585,579);
aWE("web",64,20,55);
aWE("websit",641);
aWE("weight",104,329,531,549);
aWE("weld",342,1,218,656,400,4,691,433,438,667,503,213);
aWE("welding",1);
aWE("well",513,246,245,244,614,249,253,599,17,262,514,270,273,274,277,276,308,310,316,326,328,329,335,7,343,344,345,66,361,362,385,387,397,398,46,400,47,411,661,425,433,434,438,439,440,450,451,461,225,468,477,226,482,486,494,495,497,501,502,503,67,55);
aWE("west",665);
aWE("what",511,512,243,303,308,38,39,328,1,66,606,139,140,141,43,529,392,394,636,400,411,434,620,641,671,67);
aWE("whdc",631);
aWE("wheel",274,344,351,658,433,667,495,67,506);
aWE("whenev",627);
aWE("wherea",581);
aWE("wheth",69,230,70,513,23,73,17,100,104,108,109,311,115,116,117,266,329,536,562,596,577,563,131,1,346,351,218,139,140,141,142,143,623,146,153,154,155,156,416,297,423,163,620,180,465,466,666,474,517,203,670,212,67,55);
aWE("whil",22,614,249,255,599,17,262,273,274,104,677,678,679,680,681,683,684,287,308,316,326,38,328,333,558,561,535,536,562,41,343,344,66,351,354,609,621,357,218,2,656,658,400,406,47,410,411,433,434,50,459,61,664,665,666,471,183,189,190,191,517,485,669,495,672,673,67,55);
aWE("whilst",614,617);
aWE("whit",510,599,677,678,679,680,681,682,683,684,685,536,562,60,352,360,366,295,421,478,67,55);
aWE("whol",230,234,235,236,243,246,245,244,613,249,253,528,255,260,87,17,262,270,273,274,277,276,279,286,308,310,312,648,316,326,328,558,335,127,1,59,41,344,345,348,356,609,218,361,362,363,2,657,385,387,397,398,400,410,411,4,433,434,438,439,440,450,451,454,457,459,461,692,619,620,225,462,463,464,468,666,469,183,189,190,223,477,478,481,482,483,485,486,203,669,670,671,490,228,494,495,497,672,501,502,503,67);
aWE("why",243,17,29,309,266,346,438);
aWE("wid",536,562,596,577,537,55);
aWE("wide",363);
aWE("width",19,0,525,526,676,683,290,313,536,562,596,577,537,1,343,352,400,47,298,4,618,431,433,517,54,67,55);
aWE("will",265,64,229,230,18,70,510,511,632,512,513,0,233,234,235,236,21,22,243,237,238,239,240,241,242,23,246,245,244,614,249,250,252,68,518,528,519,520,521,522,523,524,525,526,527,255,599,256,84,24,25,259,260,17,90,91,92,93,94,95,96,97,98,99,100,514,267,270,27,271,272,28,274,103,104,29,677,678,679,680,681,682,683,684,685,278,279,286,287,289,290,293,109,303,304,305,306,307,646,33,34,308,221,310,647,311,312,314,601,603,648,316,317,318,319,320,321,322,323,324,325,515,326,327,38,39,328,266,329,268,269,332,333,122,595,533,554,555,556,557,558,560,534,561,535,536,562,596,577,563,537,564,124,334,335,336,131,58,59,41,343,8,344,650,345,346,66,348,351,605,630,352,42,354,356,634,651,652,606,609,621,357,218,220,359,360,654,139,140,141,142,361,362,363,2,607,145,635,548,622,573,588,623,365,367,366,146,43,658,148,616,617,368,370,374,376,377,378,382,385,529,387,388,389,390,391,392,393,394,395,396,636,397,398,155,46,399,400,224,401,402,639,403,404,405,406,407,47,410,411,412,413,414,415,416,417,419,295,297,298,299,425,427,428,4,691,618,539,566,433,434,435,436,625,48,439,440,442,49,446,50,452,163,453,456,457,458,222,169,460,461,692,61,664,619,620,225,665,462,463,464,465,466,468,666,470,473,474,183,185,187,189,190,667,476,227,517,483,201,484,485,486,203,627,608,669,670,671,490,642,643,228,494,495,496,497,499,54,26,672,673,674,63,501,502,67,675,55,506,509);
aWE("window",230,70,510,80,250,251,252,68,519,520,521,523,525,526,527,254,599,257,258,84,271,32,290,291,292,293,294,301,109,303,304,305,306,307,221,111,647,312,36,313,37,648,38,332,538,565,578,597,556,557,536,562,563,124,342,5,58,59,344,351,354,634,609,218,359,144,607,548,573,588,623,657,658,368,395,153,636,46,659,399,402,631,639,403,47,415,416,295,297,423,427,618,430,435,14,456,169,460,61,664,620,225,665,667,223,478,226,517,487,488,669,671,495,672,673,674,695,67,675,55,506,509);
aWE("winnt",631);
aWE("winrd",599,555,600,67);
aWE("wirefram",342,41,687,397,297,444,443,449,448,447,667,489,671,673,674,67);
aWE("wish",60,12);
aWE("within",613,614,17,287,37,333,552,561,535,58,59,344,606,218,220,656,590,531,549,575,617,377,637,400,516,416,418,420,421,4,433,456,619,181,473,183,185,189,190,486,203,608,669,67);
aWE("without",64,230,510,512,233,614,611,256,85,259,647,558,347,42,218,220,139,140,141,142,363,656,145,531,549,13,224,631,418,425,427,430,436,619,225,474,608,671,26,67);
aWE("withstand",599,601,603,607,548,573,588);
aWE("withx",404);
aWE("wizard",510,512,513,613,518,528,519,520,521,522,523,524,525,526,527,92,28,109,123,594,532,553,576,558,649,59,630,651,604,600,609,218,139,140,141,142,548,573,588,415,417,618,437,14,664,226,517,669,54,67,55);
aWE("won",357,671);
aWE("wood",194);
aWE("word",65,548,573,588,664,641);
aWE("work",632,233,234,235,236,246,245,244,249,253,644,274,277,276,278,646,310,647,315,648,316,326,629,333,560,534,536,562,343,344,345,66,348,42,356,542,583,571,361,362,363,607,364,369,372,374,376,378,382,385,397,398,46,400,402,410,433,436,438,439,440,450,451,457,663,464,466,467,666,471,472,473,474,477,482,483,485,486,668,490,493,494,495,499,26,501,502,503,67);
aWE("workflow",417,67);
aWE("workmanship",64);
aWE("workspac",291,292,294,301,342,297,667,672);
aWE("world",230,248,256,292,34,686,313,342,346,357,144,367,400,431,433,457,694,671,496,55);
aWE("worst",0,1,4);
aWE("would",512,473,503);
aWE("wrist",599);
aWE("writ",639,425,50,225,227);
aWE("written",65,224,225);
aWE("wrong",630,621,622,627,494);
aWE("www",64,548,573,588,631,54,67,55);
aWE("x",265,512,19,0,68,526,599,84,92,95,27,273,102,29,677,678,679,681,683,684,685,277,276,105,106,287,34,36,313,37,317,318,319,320,323,324,325,327,39,268,269,123,569,596,577,563,537,335,339,340,1,350,133,352,136,353,634,606,654,2,574,573,531,549,575,365,367,366,378,379,382,400,224,402,631,404,405,407,421,4,433,164,455,461,174,465,183,185,189,190,667,476,227,592,669,671,492,54,672,67,581,55);
aWE("x_section",228);
aWE("x1",54,55);
aWE("x11",20);
aWE("x140",514,515,575,516);
aWE("x2",54,55);
aWE("x2122",55);
aWE("x35",514,515,575,516);
aWE("x70",0,514,313,515,575,516);
aWE("x700",631);
aWE("xa9",55);
aWE("xal",338,395);
aWE("xdp",338,395);
aWE("xmax",183,190);
aWE("xmin",183,190);
aWE("xml",19,28,6,14,54,67,55);
aWE("xn",55);
aWE("xorigin",123,224);
aWE("xp",634,636,631,639,415,416,669);
aWE("xpd",67);
aWE("xx",648,634,368);
aWE("xxdxxmx",416);
aWE("xxdxxmxx",313);
aWE("xxgxxcxx",313);
aWE("xxgxxcxxcc",416);
aWE("xxx",313,425);
aWE("xxxx",29);
aWE("xxxxcc",313);
aWE("xxxxx",512);
aWE("xy",277,276,105,106,313,130,339,340,132,342,621,218,656,366,421,4,691,663,67);
aWE("xyz",29,313,327,329,422,4,50,664);
aWE("y",265,510,512,0,92,95,29,277,276,105,106,287,302,110,34,36,313,37,317,318,319,320,323,324,325,327,39,268,269,123,596,577,563,537,339,340,1,350,133,352,654,2,590,531,549,575,623,365,367,366,379,400,224,631,404,405,407,421,4,433,461,174,465,183,185,189,190,667,227,592,669,492,498,210,54,672,67,55);
aWE("y1",54,55);
aWE("y2",54,55);
aWE("yard",313);
aWE("year",64,66);
aWE("yellow",519,520,521,522,523,524,527,28,293,303,304,306,307,1,351,548,402,419,295,4,465,671,672,55);
aWE("yes",69,70,73,100,104,108,109,115,313,116,117,120,266,329,131,346,352,139,140,141,142,143,153,154,155,156,224,163,222,225,223,227,203,54,212,55);
aWE("yet",646,266,329,346);
aWE("ymax",183,190);
aWE("ymin",183,190);
aWE("yorigin",123,224);
aWE("your",229,510,511,632,512,513,633,599,24,28,275,33,647,601,603,315,556,564,41,66,621,607,548,622,573,588,636,637,516,402,631,297,427,442,49,50,664,620,478,550,592,540,668,16,608,641,67);
aWE("yourself",642,643);
aWE("yz",313,366,421);
aWE("z",265,18,512,0,247,81,599,92,95,29,287,34,36,313,37,317,318,319,320,323,324,325,327,39,268,269,331,121,123,587,595,533,554,596,577,563,537,339,340,342,1,350,133,352,651,654,589,588,590,531,549,575,623,365,367,366,379,400,224,631,404,405,407,421,4,433,461,174,664,465,667,627,592,669,642,492,493,205,672,67,598,506);
aWE("z140",514,515,590,516,592,67);
aWE("z35",514,515,590,516,224,592,67);
aWE("z70",514,515,143,590,516,227,592,67);
aWE("zero",0,518,528,522,523,524,24,17,37,558,58,139,140,141,142,43,370,373,383,416,423,431,461,67);
aWE("zon",0,519,1,615,420,295,4);
aWE("zoom",18,21,250,252,271,274,342,59,343,344,351,354,218,658,388,389,390,391,392,393,394,46,13,399,400,405,297,299,4,433,456,664,665,465,466,474,195,667,669,694,495,672,673,674,67,504,505,506,507,508,509,214,215,216,217);
aWE("zoomall",218,214);
aWE("zoomin",218,215);
aWE("zoommod",299);
aWE("zoomout",218,216);
aWE("zoomsel",218,217);
aWE("zorigin",123,224);
aWE("zx",313,366,421);

//-->
</script>
</html>
