<?xml version='1.0' encoding='windows-1252' ?>
<ftswdata>
<key name="stay"> 614,366,619,465,466,474, </key>
<key name="std"> 109,517, </key>
<key name="steady"> 513, </key>
<key name="steel"> 295, </key>
<key name="steep"> 467,67, </key>
<key name="step"> 230,512,513,68,528,599,28,646,315,330,536,562,131,1,137,634,651,609,139,140,141,142,2,548,573,588,591,615,616,617,374,378,395,3,403,4,618,436,662,437,457,473,517,608,493,54,67,55, </key>
<key name="step1"> 609, </key>
<key name="step2"> 609,374, </key>
<key name="sterl"> 510,601,559,621,588, </key>
<key name="still"> 511,611,329,594,576,548,623,637,639,61,664, </key>
<key name="sting"> 510, </key>
<key name="stitch"> 316,342,218,656,691,667,227,202,485, </key>
<key name="stl"> 312,115,648,395,495, </key>
<key name="ston"> 295, </key>
<key name="stop"> 614,519,520,521,523,525,526,527,92,556,557,558,606,621,548,573,588,664,517, </key>
<key name="stor"> 70,512,513,250,252,272,28,287,289,290,293,303,304,306,307,308,221,647,36,313,116,119,328,332,333,334,335,129,58,344,351,352,354,218,359,360,657,388,389,390,391,392,393,394,399,402,406,411,295,434,456,462,463,223,484,668,16,671,495,53,672,674,67,506,509, </key>
<key name="stp"> 131,395, </key>
<key name="str"> 313,139,140,141,142,144,616,224,228, </key>
<key name="straight"> 599,271,536,562,1,351,2, </key>
<key name="strategy"> 620, </key>
<key name="stream"> 528,610,524,609,417,690,67, </key>
<key name="strength"> 246,245,244,249,310,113,595,554,343,345,218,220,656,149,385,409,158,159,176,227, </key>
<key name="stres"> 557, </key>
<key name="string"> 224,227,228,67,55, </key>
<key name="strip"> 510,513,80,614,612,514,271,294,686,313,321,515,561,535,536,562,596,577,563,537,127,630,356,137,621,218,361,635,573,590,531,549,575,516,688,295,618,431,159,440,442,692,663,664,181,465,473,474,517,693,668,671,643,228,674,67, </key>
<key name="stripesmaxdist"> 181, </key>
<key name="stripesmindist"> 181, </key>
<key name="strong"> 512,246,245,244,614,310,113,595,554,596,577,563,343,345,149,385,409,158,692,176,640, </key>
<key name="structur"> 260,647,316,687,688,691,695,67,55, </key>
<key name="stuck"> 630, </key>
<key name="studio"> 312,115, </key>
<key name="styl"> 614,65,343,421,422,54,67,55, </key>
<key name="sub"> 510,274,292,266,329,131,1,346,656,623,148,395,664,468,482,484,671,494,674,67, </key>
<key name="subdivid"> 342,218,656,691,667,486,203, </key>
<key name="subdivision"> 0,4, </key>
<key name="subject"> 64,531,549, </key>
<key name="submenu"> 654,661,671, </key>
<key name="submesh"> 656,397,495,67, </key>
<key name="subsequent"> 259,277,276,266,329,330,268,536,562,336,650,346,652,370,373,375,377,379,383,673, </key>
<key name="subset"> 230, </key>
<key name="subtract"> 183,189,190, </key>
<key name="successful"> 510,512,513,519,520,521,523,525,526,527,266,329,346,651,617,517,485, </key>
<key name="sufficiency"> 17, </key>
<key name="sufficient"> 64,617,624,638,631,517, </key>
<key name="suffix"> 1, </key>
<key name="suggest"> 510, </key>
<key name="suitability"> 50, </key>
<key name="suitabl"> 115,317,318,319,343,574,374,378,3,67, </key>
<key name="summary"> 0,557,4, </key>
<key name="sunlight"> 640, </key>
<key name="sunny"> 595,533,554, </key>
<key name="sup"> 19,599,596,66,588,616,627,550,540, </key>
<key name="suppli"> 64,633,570,547,606,621,548,573,588,616, </key>
<key name="support"> 632,686,312,559,563,338,66,621,622,395,631,639,416,297,641,669,67,55, </key>
<key name="sur"> 513,585,514,41,621,2,617,639,428,452,620,627,579, </key>
<key name="surfa"> 630,622,574,573,623,626,627,579,642,67,581, </key>
<key name="surfac"> 230,510,511,512,513,0,246,245,244,614,253,82,528,519,520,521,523,527,612,599,87,17,514,274,104,677,678,679,681,683,684,685,646,34,686,36,37,545,316,515,326,39,266,332,333,595,533,554,563,537,131,1,7,58,59,41,8,344,345,346,609,621,218,140,361,362,363,2,687,656,572,635,148,378,385,529,395,516,403,409,410,689,419,4,691,618,158,436,662,439,440,448,450,50,692,61,664,620,180,182,466,467,666,472,473,194,693,671,494,673,674,695,67, </key>
<key name="surplu"> 218,656,438,165,503,213, </key>
<key name="surround"> 510,596,577,563,537,345,687,385, </key>
<key name="suspect"> 1, </key>
<key name="swap"> 326,59,631,4,669,67,55,506, </key>
<key name="switch"> 512,513,10,22,23,613,610,611,599,275,287,291,646,33,34,308,309,312,316,328,266,329,333,552,558,559,560,534,536,562,563,58,41,8,344,650,346,351,60,352,12,354,583,621,607,572,548,574,589,573,588,658,617,376,378,659,399,660,631,406,411,417,428,618,434,625,444,443,446,449,448,456,61,664,665,517,627,592,669,642,495,673,674,67,581,598,506,509, </key>
<key name="sy"> 313, </key>
<key name="symbol"> 36,313,37,630,219,227,67, </key>
<key name="symmetry"> 29,465, </key>
<key name="synchronisation"> 397,398,628,598, </key>
<key name="synchronistation"> 67, </key>
<key name="synonymous"> 403, </key>
<key name="syntax"> 219,220,201, </key>
<key name="sysrq"> 667, </key>
<key name="system"> 265,64,229,230,510,511,632,512,513,234,235,71,613,250,633,518,528,519,520,521,610,522,523,524,525,526,527,611,612,599,17,514,676,29,677,678,679,680,681,682,683,684,685,287,290,292,294,109,303,646,34,686,36,313,37,603,321,322,515,330,268,269,530,546,586,568,569,587,570,547,538,565,578,597,556,536,562,596,577,563,564,338,58,59,634,542,583,571,651,652,606,604,600,609,621,218,139,140,141,142,2,607,364,145,635,548,622,573,588,623,365,366,615,616,617,388,389,390,391,392,393,394,636,637,400,516,402,624,638,631,689,296,416,417,427,618,431,433,625,452,454,457,461,174,664,620,665,473,194,667,481,226,517,627,579,640,550,592,540,668,16,608,641,669,694,671,643,499,211,673,674,67,581,55,598, </key>
<key name="system_driv"> 337,493, </key>
<key name="system32"> 169, </key>
<key name="systematic"> 621, </key>
<key name="t"> 22,17,275,596,577,563,537,342,630,42,357,378,397,398,399,402,667,227,202,485,671,26, </key>
<key name="t1"> 92,313,224,499, </key>
<key name="t2"> 313,499, </key>
<key name="t3"> 313, </key>
<key name="tab"> 614,17,90,91,93,94,96,97,98,99,677,678,679,680,681,682,683,684,685,312,266,329,538,565,578,597,552,594,532,553,576,595,533,554,556,557,559,560,534,561,535,536,562,596,577,563,537,564,58,650,346,623,369,371,372,374,376,378,380,381,382,659,660,403,404,405,407,415,416,295,618,431,61,664,665,473,667,517,671,67, </key>
<key name="tabl"> 512,0,92,514,28,36,313,37,515,327,266,329,65,343,346,352,360,43,516,224,295,50,222,667,226,227,67,55, </key>
<key name="tabloid"> 19, </key>
<key name="tabular"> 312,4, </key>
<key name="tabulation"> 416, </key>
<key name="tactil"> 519,520,521,523,525,526,527,218,417,419,67, </key>
<key name="tag"> 19,55, </key>
<key name="tak"> 510,246,245,244,521,17,677,678,679,680,681,682,683,684,685,558,563,564,630,609,621,363,617,295,297,436,665,593,517, </key>
<key name="taken"> 510,512,513,17,677,678,679,681,683,684,685,268,58,609,548,573,588,4,436,517,67, </key>
<key name="tangent"> 313,266,346,374,431,453,67, </key>
<key name="tangential"> 609, </key>
<key name="tap"> 616,617, </key>
<key name="target"> 230,92,99,312,266,329,330,269,123,346,609,218,2,378,436,486,228, </key>
<key name="targetindex"> 99, </key>
<key name="targettyp"> 99, </key>
<key name="task"> 249,345,385,3, </key>
<key name="te"> 206, </key>
<key name="teach"> 517, </key>
<key name="technical"> 641, </key>
<key name="techniqu"> 615,473,474, </key>
<key name="technology"> 67, </key>
<key name="tel"> 64,54,55, </key>
<key name="telephon"> 641, </key>
<key name="tell"> 41, </key>
<key name="temp"> 122,536,562,337,224,225,493, </key>
<key name="temperatur"> 512,603,557,596,563,537,548,573,588,616,67, </key>
<key name="templat"> 19,0,89,28,266,329,122,6,346,218,4,50,14,227,54,26,67,55, </key>
<key name="temporary"> 677,678,679,680,681,682,683,684,685,119,266,329,123,337,129,650,346,218,658,224,403,295,664,227,493,67, </key>
<key name="term"> 650,404,405, </key>
<key name="terminal"> 556, </key>
<key name="terminat"> 610,611,612,139,140,141,142, </key>
<key name="test"> 511,512,0,599,603,559,606,631,422,517,54,67,55, </key>
<key name="text"> 0,29,33,221,38,39,65,1,66,60,609,218,358,139,140,141,142,2,144,657,659,402,416,421,4,430,437,50,225,473,474,667,668,16,669,54,67,55, </key>
<key name="textual"> 430, </key>
<key name="th"> 388,389,391,403,299,674, </key>
<key name="than1"> 650, </key>
<key name="theauto"> 34, </key>
<key name="thedongl"> 573, </key>
<key name="them"> 230,510,250,252,24,17,262,514,270,273,274,103,29,278,308,310,113,647,311,312,115,314,326,328,335,128,1,6,7,58,343,349,621,357,218,219,358,363,656,43,658,44,617,370,374,376,378,379,46,659,660,400,224,631,406,411,412,413,414,433,434,662,625,162,457,222,61,664,619,468,666,471,188,667,476,196,517,627,669,671,228,496,26,672,67,55, </key>
<key name="themselv"> 647,625, </key>
<key name="therefor"> 582,567,541,692,671,67, </key>
<key name="therender"> 671, </key>
<key name="therm"> 225, </key>
<key name="thicknes"> 0,519,536,562,1,420,298,4,67, </key>
<key name="thin"> 249,316,342,218,656,666,472,192,193,202,485,486,203, </key>
<key name="thing"> 616, </key>
<key name="thinnest"> 249, </key>
<key name="third"> 230,525,17,90,94,97,99,100,312,313,330,333,536,562,7,352,609,621,655,3,419,662, </key>
<key name="thos"> 513,538,565,578,597,335,128,60,12,218,548,573,588,400,433,452,61,664,464,467,476,196,672, </key>
<key name="though"> 630, </key>
<key name="thre"> 230,513,528,519,523,524,525,526,94,274,645,684,292,310,312,266,330,530,546,586,568,569,587,555,536,562,57,7,59,346,350,133,609,357,218,220,607,590,531,549,575,43,370,376,377,378,379,659,400,224,403,420,456,457,664,477,608,669,694,671,228,672,673,67,581, </key>
<key name="thread"> 591,550,592,540, </key>
<key name="threshold"> 510,632,0,243,237,238,239,240,241,242,73,74,75,76,77,78,79,614,596,577,563,537,1,618,180,466, </key>
<key name="thru"> 67, </key>
<key name="thu"> 230,290,409,689,425,435,665,517,669, </key>
<key name="thumbnail"> 54,67,55, </key>
<key name="ti"> 631,580, </key>
<key name="tick"> 250,252,290,291,293,294,300,301,675, </key>
<key name="tif"> 4,478,55, </key>
<key name="tiff"> 478,67,55, </key>
<key name="tighten"> 512,599,621,588,591,593, </key>
<key name="til"> 250,252,342,403,667,487,488,669,67,675, </key>
<key name="tim"> 64,230,70,512,233,23,614,250,252,518,528,610,522,523,524,527,611,612,272,28,287,289,290,293,303,304,305,306,307,308,221,603,315,328,266,329,333,570,547,594,532,553,576,560,534,561,535,536,562,563,334,335,337,650,346,352,354,621,363,607,635,623,44,45,369,371,372,374,376,378,380,381,382,388,389,390,391,392,393,394,397,398,155,156,660,224,624,406,410,411,295,690,618,539,566,434,50,461,692,61,462,463,465,466,474,593,477,517,484,671,672,674,67, </key>
<key name="timeout"> 631, </key>
<key name="tip"> 513,614,609,67, </key>
<key name="titanium"> 510,603,559,563,571,604,621, </key>
<key name="titl"> 0,313,538,565,578,597,368,50,673,67, </key>
<key name="tobacco"> 360, </key>
<key name="toc"> 608, </key>
<key name="tocopy"> 146,163, </key>
<key name="togeth"> 678,679,680,686,131,7,351,148,395,397,400,433,473,494,54,67, </key>
<key name="toggl"> 111,112,342,378,444,443,449,448,222,61,664,187,667,489,674, </key>
<key name="toleranc"> 510,513,243,73,249,519,520,521,522,523,524,525,526,527,255,274,103,104,677,678,679,680,681,683,684,685,561,131,342,58,609,218,139,140,141,142,143,395,400,410,661,418,419,433,459,490,54,67,55, </key>
<key name="too"> 513,614,250,1,635,394,624,440,61,664,473,640,674,67, </key>
<key name="took"> 1, </key>
<key name="tool"> 260,103,104,105,287,33,34,113,647,120,318,319,320,323,324,325,333,130,41,343,8,66,352,656,623,147,148,149,660,516,691,158,161,162,165,166,167,465,466,666,474,198,199,202,203,212,213,67, </key>
<key name="toolbar"> 18,510,511,610,611,17,644,27,29,32,287,300,33,34,308,35,328,332,122,538,565,578,597,131,342,6,58,59,349,605,352,606,218,43,658,44,45,368,150,395,153,399,405,406,407,47,411,296,425,618,434,160,435,50,456,168,171,460,183,185,187,188,189,190,194,667,223,517,201,487,488,669,53,672,674,695,67,506,509, </key>
<key name="toolcas"> 550,592,540, </key>
<key name="tooltip"> 47,669, </key>
<key name="top"> 0,250,252,29,677,681,287,39,269,333,352,218,573,417,295,428,4,434,436,665,465,473,185,223,67,55, </key>
<key name="topic"> 229,231,232,10,23,255,259,264,263,27,275,277,276,300,686,115,36,37,117,321,322,65,339,340,40,58,41,347,12,354,355,651,652,653,654,361,362,363,365,367,44,45,387,660,409,430,454,458,459,461,61,465,479,480,481,670,671,53,62,63, </key>
<key name="topleft"> 54,55, </key>
<key name="topology"> 656,450,620, </key>
<key name="topright"> 54, </key>
<key name="torqu"> 512, </key>
<key name="total"> 277,276,431, </key>
<key name="touch"> 585,609,548,573,588,617,620,579, </key>
<key name="toward"> 646,310,266,269,332,59,346,218,2,687,387,152,456,665,666,187,669, </key>
<key name="tp20"> 67, </key>
<key name="tpq"> 67, </key>
<key name="tpt"> 227, </key>
<key name="tptnam"> 122, </key>
<key name="tr"> 227, </key>
<key name="track"> 609, </key>
<key name="trad"> 230,55, </key>
<key name="trademark"> 64, </key>
<key name="train"> 631,415,641, </key>
<key name="traingl"> 193, </key>
<key name="transduc"> 621, </key>
<key name="transfer"> 221,581,598, </key>
<key name="transform"> 18,234,235,71,29,330,218,691,671,228, </key>
<key name="transformation"> 265,229,230,70,0,233,234,235,71,611,259,17,92,100,264,263,645,676,275,677,685,292,686,313,266,329,330,268,269,123,336,338,342,7,41,8,650,346,347,357,218,655,2,365,367,384,395,297,429,4,431,436,619,201,694,671,228,492,496,499,211,67, </key>
<key name="transformation_nam"> 313, </key>
<key name="translat"> 18,21,599,34,342,59,218,655,365,367,658,386,399,436,662,457,665,227,669,671,492,67, </key>
<key name="translatabl"> 67, </key>
<key name="translation"> 230,70,234,235,365,367,388,403,457,694,492, </key>
<key name="transmit"> 598, </key>
<key name="transparency"> 17,58,297,298,422,424,67,55, </key>
<key name="transparent"> 17,58,8,609,298,422,424,55, </key>
<key name="transvers"> 19, </key>
<key name="transversal"> 374,376,378,379, </key>
<key name="travel"> 620, </key>
<key name="tre"> 229,230,232,234,235,71,248,256,260,92,644,264,263,27,272,103,676,275,104,105,279,282,285,286,289,303,304,305,306,307,113,647,120,334,335,125,126,127,336,65,130,343,347,630,352,138,357,218,359,360,653,656,365,367,341,146,147,148,149,384,386,400,296,429,430,431,432,158,441,442,444,443,445,446,449,448,447,161,162,50,163,453,165,166,167,177,462,463,468,469,184,475,476,196,197,198,479,480,482,199,484,202,203,694,670,671,228,496,206,207,497,208,499,211,500,672,695,212,213,67,55, </key>
<key name="treat"> 585,599,601,603,1,607,548,573,588,397,398,416,620,667,227,579, </key>
<key name="tri"> 230,243,312,115,648,266,596,577,563,537,346,395,227,517,641,67, </key>
<key name="triangl"> 249,274,103,104,313,316,326,332,342,343,345,630,218,687,656,385,395,397,155,688,409,410,691,431,438,439,440,443,448,447,450,165,166,167,692,178,179,180,181,464,466,666,472,473,474,187,192,193,477,198,227,485,486,203,669,671,494,495,674,503,213,67, </key>
<key name="triangulat"> 131,395, </key>
<key name="trig"> 599,603,562,596,577,621,574,589,573,588,664,592,628,642,581,598, </key>
<key name="trigger"> 596,577,563, </key>
<key name="trim"> 342,218,433,663,490,204,67, </key>
<key name="trimpatch"> 218,204, </key>
<key name="tripl"> 43, </key>
<key name="tripod"> 512,615,616, </key>
<key name="tron"> 70,225, </key>
<key name="troubleshoot"> 221,623,642,643, </key>
<key name="tru"> 2, </key>
<key name="trx"> 195,227, </key>
<key name="try"> 230,513,243,614,249,104,621,218,656,635,622,397,398,436,195,227,640, </key>
<key name="trz"> 195,227, </key>
<key name="ts"> 639, </key>
<key name="tun"> 243,595,533,554,8,652,631,223, </key>
<key name="tur"> 227, </key>
<key name="turbo"> 562,563,67, </key>
<key name="turn"> 599,595,533,554,41,630,134,135,621,218,427,625,620, </key>
<key name="tutorial"> 266,329,649,342,346,491, </key>
<key name="twic"> 646,218,401,664,672,674,505,507,215,216, </key>
<key name="twist"> 599, </key>
<key name="two"> 265,230,512,513,614,250,252,518,519,522,525,526,259,17,90,94,96,98,514,274,29,683,684,287,313,37,322,326,330,333,570,547,558,536,562,563,1,58,344,346,351,609,218,359,2,607,548,623,366,43,617,373,374,375,376,377,378,379,383,400,516,224,403,405,688,409,689,661,412,413,414,416,419,420,298,428,4,618,431,433,436,662,625,440,451,457,459,61,664,620,665,667,223,485,668,671,228,494,495,496,54,672,673,674,503,67,55, </key>
<key name="txt"> 130,339,340,132,218,358,656,657,222,169,170,225,201,67, </key>
<key name="typ"> 70,510,511,512,19,0,234,235,243,73,614,68,259,260,86,17,90,91,92,93,94,95,96,97,98,99,100,644,514,267,270,272,28,103,29,677,678,679,680,681,682,683,684,685,287,646,33,647,686,312,115,313,601,603,515,327,38,266,329,332,122,123,538,565,578,597,556,558,536,562,596,577,563,537,126,127,336,131,342,57,7,58,343,650,346,634,606,609,621,138,218,219,220,359,360,655,363,143,144,364,574,589,573,588,590,531,549,575,366,146,370,373,374,375,377,378,383,387,400,224,408,688,425,428,430,431,433,442,50,163,222,61,664,225,464,466,467,468,666,470,471,472,473,474,184,186,195,667,223,197,479,480,517,641,669,694,671,228,492,206,208,209,672,695,67,55, </key>
<key name="typical"> 513,599,601,603,568,607,548,573,588,615, </key>
<key name="u"> 69,236,72,560,534,342,5,667,486,203,498,210,212,501,502,67, </key>
<key name="uc"> 55, </key>
<key name="ui"> 69,70,71,72,73,74,75,76,77,78,79,80,81,82,83,84,86,87,88,89,90,91,93,94,95,96,97,98,99,100,101,102,103,104,105,106,107,108,109,110,111,112,113,114,115,116,117,118,119,120,121,122,124,125,126,127,128,129,130,131,132,133,134,135,136,137,138,139,140,141,142,143,144,145,146,147,148,149,150,151,152,153,154,155,156,157,158,159,160,161,162,163,164,165,166,167,168,169,170,171,172,174,175,176,177,178,179,180,181,182,183,184,185,186,187,188,189,190,191,192,193,194,196,197,198,199,200,201,202,203,204,205,206,207,208,210,211,212,213,214,215,216,217, </key>
<key name="unabl"> 638,626, </key>
<key name="unacceptabl"> 230, </key>
<key name="unaffect"> 464,465,466,467,470,471,472,473,474, </key>
<key name="unavailabl"> 277,276,291,292,294,339,340,384,429, </key>
<key name="unchang"> 345,347,385,410,453, </key>
<key name="uncheck"> 230,646,556,596,577,563,363,365,341,386,297,618,665,670,501,502, </key>
<key name="uncompensat"> 417, </key>
<key name="unconnect"> 688,440, </key>
<key name="undefin"> 329, </key>
<key name="underlin"> 65,54,55, </key>
<key name="undersid"> 585,579, </key>
<key name="understand"> 573,588, </key>
<key name="undesirabl"> 410, </key>
<key name="undo"> 279,286,646,309,112,315,342,218,384,429,667,671,493,205,67, </key>
<key name="undock"> 657, </key>
<key name="uneven"> 1, </key>
<key name="unexpect"> 316, </key>
<key name="unfold"> 1,2,4, </key>
<key name="unhid"> 67, </key>
<key name="unhidden"> 274,476, </key>
<key name="uni"> 67, </key>
<key name="unicod"> 227,55, </key>
<key name="unifi"> 131,218,656,148,395,494,67, </key>
<key name="unification"> 67, </key>
<key name="uniform"> 8,439, </key>
<key name="uniformity"> 67, </key>
<key name="unify"> 293,342,218,656,148,691,494,495,672,67, </key>
<key name="unigrafic"> 67, </key>
<key name="unigraphic"> 131,395, </key>
<key name="uninstall"> 623, </key>
<key name="uniqu"> 563,1, </key>
<key name="unit"> 64,0,599,312,313,621,574,589,43,416,428,4,550,540,54,673,580,67,55, </key>
<key name="universityofsurrey"> 115, </key>
<key name="univofsurrey"> 312,395, </key>
<key name="unknown"> 363,430, </key>
<key name="unles"> 511,512,0,1,631, </key>
<key name="unlik"> 410,201, </key>
<key name="unlike"> 512, </key>
<key name="unlimit"> 358,139,140,141,142, </key>
<key name="unload"> 594,532,553,576, </key>
<key name="unlock"> 230,342,218,670,671,228,496,206,67, </key>
<key name="unnecessary"> 278,617, </key>
<key name="unpaint"> 614, </key>
<key name="unplug"> 627,628, </key>
<key name="unpredictabl"> 268,269,378, </key>
<key name="unsatisfactory"> 513, </key>
<key name="unsav"> 311, </key>
<key name="unselall"> 218,227,207, </key>
<key name="unselect"> 272,322,335,342,349,218,462,463,666,469,188,476,668,669,670,671,207,497,208,209,67, </key>
<key name="unselentity"> 218,228,208, </key>
<key name="unselentitytyp"> 218,209, </key>
<key name="unsuccessful"> 512, </key>
<key name="unsuitabl"> 548,573,588, </key>
<key name="unsupport"> 603, </key>
<key name="unsur"> 510,513,631, </key>
<key name="unus"> 92, </key>
<key name="unwant"> 403, </key>
<key name="up"> 230,511,512,21,243,73,613,614,249,585,68,519,520,521,610,523,525,526,527,611,599,17,28,104,308,221,686,36,313,37,601,603,319,323,328,558,596,577,563,537,336,342,5,40,58,59,343,630,652,621,218,219,607,548,573,588,623,43,44,45,615,616,617,376,397,13,399,405,406,407,410,411,412,413,414,299,434,50,664,620,665,468,473,474,667,223,627,579,608,487,488,669,498,210,672,673,674,67,581,598,506, </key>
<key name="updat"> 64,230,513,23,250,252,28,29,677,678,679,681,683,684,685,292,294,603,266,329,556,342,5,58,650,345,346,60,12,609,621,357,218,607,623,13,421,422,428,627,694,671,496,499,53,211,26,67,675, </key>
<key name="updatecurrentc"> 218,211, </key>
<key name="updatein"> 23, </key>
<key name="upgrad"> 599,603,622, </key>
<key name="uppercas"> 55, </key>
<key name="upward"> 513,58,651,45, </key>
<key name="us"> 265,64,230,18,70,510,511,512,513,56,19,0,243,246,245,244,613,614,249,584,518,528,519,520,521,610,522,523,524,525,526,527,611,612,599,256,24,259,87,17,90,91,93,94,96,97,98,99,100,261,644,514,270,271,28,274,103,645,676,104,29,684,287,109,303,646,33,34,308,309,647,686,312,36,313,37,545,601,603,315,316,515,326,328,266,329,330,268,269,332,333,122,570,547,538,565,578,597,552,594,532,553,576,595,533,554,556,557,558,561,535,536,562,596,577,563,537,336,337,65,131,339,340,1,6,7,58,59,41,343,8,344,650,345,346,66,348,349,351,630,60,352,12,354,355,634,652,606,609,621,218,219,358,220,359,360,139,140,141,142,361,362,655,363,2,687,656,144,145,548,574,589,573,588,366,657,658,44,45,615,617,368,369,370,371,372,373,374,375,376,377,378,379,380,381,382,384,385,388,389,390,391,392,393,394,153,154,636,397,398,46,637,399,400,516,224,631,404,405,406,688,409,410,411,689,661,412,413,414,415,416,417,418,419,420,295,421,297,423,299,425,428,429,4,691,618,539,566,430,433,434,436,662,437,625,48,447,451,50,454,456,457,458,222,461,692,61,664,620,225,665,465,466,467,666,474,15,195,667,477,226,227,517,483,484,627,641,669,694,670,671,628,228,492,493,494,495,54,26,672,673,674,695,501,502,67,581,55,506, </key>
<key name="usabl"> 621, </key>
<key name="usag"> 614,349,397,398,222,664,54,67,55, </key>
<key name="usb"> 599,603,547,559,542,583,604,621,588,591,631,593,550,592,540,598, </key>
<key name="useacisheal"> 131, </key>
<key name="useful"> 230,513,21,243,237,238,239,240,241,242,614,249,250,252,523,271,29,290,293,303,221,309,315,326,595,533,554,40,7,58,41,8,344,42,354,359,140,378,379,395,396,427,618,438,454,465,472,473,478,481,482,484,486,671,493,53,26,672,67, </key>
<key name="useles"> 225, </key>
<key name="user"> 66, </key>
<key name="usingwindow"> 636, </key>
<key name="usual"> 512,686,266,329,346,359,43,47,4,691,619, </key>
<key name="utf"> 54,55, </key>
<key name="utiliti"> 610,611,612,599,321,322,555,600,516,417,667,668,16, </key>
<key name="utility"> 599,601,621,623,608,67, </key>
<key name="uv"> 236,363,143,224,618, </key>
<key name="v"> 69,64,231,236,72,272,560,534,342,344,157,401,458,667,488,671,212,501,502,67, </key>
<key name="v10"> 67, </key>
<key name="v11"> 510,67, </key>
<key name="v12"> 510,631,67, </key>
<key name="v13"> 510,313,67, </key>
<key name="v13fp1"> 67, </key>
<key name="v14"> 67, </key>
<key name="v3"> 67, </key>
<key name="v4"> 131,395,67, </key>
<key name="v5"> 599,131,548,573,588,395,67, </key>
<key name="v6"> 67, </key>
<key name="v7"> 510,632,67, </key>
<key name="v8"> 510,295,67, </key>
<key name="v9"> 70,67, </key>
<key name="valid"> 265,511,513,104,266,536,562,650,346,354,652,224,691,464,203,672, </key>
<key name="valu"> 230,510,511,512,513,0,20,236,243,237,238,239,240,241,242,246,245,249,68,519,520,521,522,523,524,527,599,17,90,91,92,93,94,95,96,97,98,99,100,514,28,274,104,29,677,678,679,680,681,682,683,684,685,277,276,280,281,283,284,287,290,108,109,34,221,36,313,37,316,317,318,319,320,321,323,324,325,515,38,266,329,333,123,533,556,560,534,561,535,536,562,596,577,563,537,124,131,1,58,41,343,8,650,345,346,352,42,356,606,609,621,138,218,220,139,140,141,142,655,363,143,2,656,144,623,366,341,146,43,369,370,371,372,373,374,376,378,380,381,382,383,385,386,388,395,153,154,397,398,155,400,516,224,402,405,410,417,418,420,295,421,298,422,299,424,428,4,618,431,433,439,440,452,163,222,459,461,466,467,666,470,472,473,192,193,194,227,517,201,486,668,694,490,228,492,494,206,54,26,674,63,501,502,503,67,55, </key>
<key name="valuabl"> 620, </key>
<key name="value_2"> 55, </key>
<key name="value_n"> 55, </key>
<key name="value1"> 55, </key>
<key name="vari"> 243,73,596,577,537,4, </key>
<key name="variabl"> 28,224,222,54,67,55, </key>
<key name="variation"> 599,533,554, </key>
<key name="variety"> 363,617,691, </key>
<key name="variou"> 676,225,668,16,492, </key>
<key name="vary"> 514,515,266,333,536,562,609,671, </key>
<key name="vda"> 312,115,131,395,67, </key>
<key name="vector"> 646,34,318,319,320,323,58,687,375,431,453,672, </key>
<key name="velcro"> 573,588, </key>
<key name="velocity"> 517, </key>
<key name="verag"> 244, </key>
<key name="verifi"> 517, </key>
<key name="verify"> 599, </key>
<key name="versa"> 243,237,238,239,240,241,242,98,274,111,112,601,326,562,563,348,418,453,187,489,506, </key>
<key name="version"> 632,512,0,68,599,645,313,601,603,563,537,131,1,66,605,634,621,623,395,396,539,566,430,667,641,54,67,55,598, </key>
<key name="vertex"> 352,687,409,457,180,466, </key>
<key name="vertic"> 249,271,104,287,310,312,313,333,356,218,687,656,388,394,688,409,410,431,438,445,446,450,165,457,459,175,180,466,666,470,484,671,490,674,503,213, </key>
<key name="vertical"> 513,250,252,327,269,342,609,366,403,295,422,4,433,665,473,667,488,669,673,67,675, </key>
<key name="very"> 512,21,243,237,238,239,240,241,242,246,245,614,528,519,520,521,523,527,599,256,259,29,109,221,309,315,326,266,329,563,537,65,346,363,43,374,378,388,389,295,551,618,440,450,225,467,473,227,482,484,579,493,67, </key>
<key name="via"> 56,613,68,17,644,109,562,58,60,139,140,141,142,3,664,667,226,669,672,674,695,580,67,581, </key>
<key name="vic"> 243,237,238,239,240,241,242,98,274,111,112,601,326,562,563,348,418,453,187,489,506, </key>
<key name="video"> 630,623,631,297,626,642,67, </key>
<key name="view"> 9,231,232,18,513,0,80,247,81,250,251,252,256,644,27,272,29,277,276,290,288,291,292,293,294,300,301,302,110,114,313,326,331,121,569,587,552,557,536,562,596,577,537,335,125,128,339,340,342,5,40,6,58,59,344,348,350,133,351,630,136,353,354,355,621,357,218,358,2,656,548,573,588,623,366,376,394,46,13,400,408,295,297,299,424,4,539,566,431,433,160,435,48,442,454,164,455,457,458,61,664,468,473,474,475,667,476,196,478,226,517,484,627,669,694,671,494,495,496,498,210,54,500,672,674,695,67,675,55,504,505,507,508,509,214,215,216,217, </key>
<key name="viewabl"> 644,59,658,456,669,673,674, </key>
<key name="viewparam_x"> 67, </key>
<key name="viewpo"> 197,228, </key>
<key name="viewpoint"> 218,658,456,665,195, </key>
<key name="viewport"> 231,232,18,21,22,247,81,250,644,272,274,29,677,678,679,680,681,682,683,684,685,287,289,290,302,110,304,306,307,34,308,686,313,328,266,329,269,331,121,332,342,57,6,59,343,344,650,346,350,133,351,352,136,353,218,653,655,687,366,658,369,371,372,374,376,378,380,381,382,388,389,390,391,392,393,394,399,400,404,406,411,295,297,299,428,431,432,433,434,160,444,443,445,446,449,448,447,164,455,456,457,458,665,465,466,666,474,183,185,187,189,190,475,195,667,197,478,484,489,669,694,671,228,495,498,210,672,673,62,674,63,695,67,504,505,506,507,508,509,214,215,216,217, </key>
<key name="viewposition_nam"> 313, </key>
<key name="violet"> 1,295,4, </key>
<key name="virtual"> 631,404, </key>
<key name="visibility"> 297,664, </key>
<key name="visibl"> 230,234,235,71,236,21,243,237,238,239,240,241,242,73,74,75,76,77,78,79,246,245,244,250,252,260,86,17,262,101,267,270,271,273,102,274,29,278,107,280,281,282,290,646,308,310,313,117,314,316,317,318,319,320,321,322,323,324,325,326,328,58,59,343,8,345,349,351,356,609,218,362,363,370,375,379,151,385,387,152,400,408,410,411,297,433,434,438,439,440,450,454,459,461,663,664,177,178,179,180,181,182,463,464,465,466,467,468,666,469,470,471,472,473,474,183,188,189,190,191,192,193,477,481,517,483,485,486,669,694,494,207,672,674,501,502,67,675,504,505,507,508,509,214,215,216,217, </key>
<key name="visual"> 289,7,359,360,295,427,444,443,445,446,449,448,447,468,489,672, </key>
<key name="visualis"> 677,678,679,680,681,682,683,684,685,303,304,306,307,7,650,376,690,671,67, </key>
<key name="visualisation"> 644,58,8,60,687,388,389,390,391,392,393,394,400,689,298,424,433,692,664,620,667,484,670,671,672,673,674,695,67, </key>
<key name="visualiz"> 29, </key>
<key name="visualization"> 67, </key>
<key name="voic"> 567,548,573,588,415,664,580, </key>
<key name="void"> 36,116,2, </key>
<key name="vol"> 227, </key>
<key name="volsmp"> 218,212, </key>
<key name="voltag"> 596, </key>
<key name="volum"> 69,686,313,342,218,656,691,663,227,212,501,502, </key>
<key name="volumetric"> 378, </key>
<key name="voxel"> 363, </key>
<key name="vxx"> 65,623, </key>
<key name="w"> 69,614,342,352,667,489,212,501,502,503,213,67,509, </key>
<key name="w3"> 55, </key>
<key name="wait"> 617, </key>
<key name="wak"> 667, </key>
<key name="wall"> 0,521,1,4,440, </key>
<key name="want"> 230,243,250,252,17,271,275,29,278,287,33,34,315,38,266,329,332,333,41,8,344,650,346,349,352,354,358,359,363,44,45,379,224,403,425,452,619,225,665,465,466,472,473,474,223,478,671,228,26,672,55, </key>
<key name="warm"> 512, </key>
<key name="warn"> 230,510,632,513,234,235,236,518,519,520,521,522,523,524,525,526,527,257,258,267,29,279,286,109,603,594,532,553,576,536,562,596,635,402,419,420,667,517,483,201,26,67,675, </key>
<key name="warninglevelconditionnumb"> 109, </key>
<key name="warninglevelstandarddeviation"> 109, </key>
<key name="warrant"> 64, </key>
<key name="warranty"> 64,66,548,573,588, </key>
<key name="watch"> 599, </key>
<key name="wav"> 415, </key>
<key name="wavefront"> 312,115,395, </key>
<key name="wavy"> 621, </key>
<key name="way"> 265,512,513,614,250,611,254,25,273,274,645,290,647,333,536,562,1,650,356,357,220,655,573,623,617,374,377,378,383,393,224,401,412,413,414,691,618,436,662,442,457,667,223,485,671,228,54,673,675,55, </key>
<key name="wc"> 313,138,357, </key>
<key name="wear"> 585,579, </key>
<key name="web"> 64,20,55, </key>
<key name="websit"> 641, </key>
<key name="weight"> 104,329,531,549, </key>
<key name="weld"> 342,1,218,656,400,4,691,433,438,667,503,213, </key>
<key name="welding"> 1, </key>
<key name="well"> 513,246,245,244,614,249,253,599,17,262,514,270,273,274,277,276,308,310,316,326,328,329,335,7,343,344,345,66,361,362,385,387,397,398,46,400,47,411,661,425,433,434,438,439,440,450,451,461,225,468,477,226,482,486,494,495,497,501,502,503,67,55, </key>
<key name="west"> 665, </key>
<key name="what"> 511,512,243,303,308,38,39,328,1,66,606,139,140,141,43,529,392,394,636,400,411,434,620,641,671,67, </key>
<key name="whdc"> 631, </key>
<key name="wheel"> 274,344,351,658,433,667,495,67,506, </key>
<key name="whenev"> 627, </key>
<key name="wherea"> 581, </key>
<key name="wheth"> 69,230,70,513,23,73,17,100,104,108,109,311,115,116,117,266,329,536,562,596,577,563,131,1,346,351,218,139,140,141,142,143,623,146,153,154,155,156,416,297,423,163,620,180,465,466,666,474,517,203,670,212,67,55, </key>
<key name="whil"> 22,614,249,255,599,17,262,273,274,104,677,678,679,680,681,683,684,287,308,316,326,38,328,333,558,561,535,536,562,41,343,344,66,351,354,609,621,357,218,2,656,658,400,406,47,410,411,433,434,50,459,61,664,665,666,471,183,189,190,191,517,485,669,495,672,673,67,55, </key>
<key name="whilst"> 614,617, </key>
<key name="whit"> 510,599,677,678,679,680,681,682,683,684,685,536,562,60,352,360,366,295,421,478,67,55, </key>
<key name="whol"> 230,234,235,236,243,246,245,244,613,249,253,528,255,260,87,17,262,270,273,274,277,276,279,286,308,310,312,648,316,326,328,558,335,127,1,59,41,344,345,348,356,609,218,361,362,363,2,657,385,387,397,398,400,410,411,4,433,434,438,439,440,450,451,454,457,459,461,692,619,620,225,462,463,464,468,666,469,183,189,190,223,477,478,481,482,483,485,486,203,669,670,671,490,228,494,495,497,672,501,502,503,67, </key>
<key name="why"> 243,17,29,309,266,346,438, </key>
<key name="wid"> 536,562,596,577,537,55, </key>
<key name="wide"> 363, </key>
<key name="width"> 19,0,525,526,676,683,290,313,536,562,596,577,537,1,343,352,400,47,298,4,618,431,433,517,54,67,55, </key>
<key name="will"> 265,64,229,230,18,70,510,511,632,512,513,0,233,234,235,236,21,22,243,237,238,239,240,241,242,23,246,245,244,614,249,250,252,68,518,528,519,520,521,522,523,524,525,526,527,255,599,256,84,24,25,259,260,17,90,91,92,93,94,95,96,97,98,99,100,514,267,270,27,271,272,28,274,103,104,29,677,678,679,680,681,682,683,684,685,278,279,286,287,289,290,293,109,303,304,305,306,307,646,33,34,308,221,310,647,311,312,314,601,603,648,316,317,318,319,320,321,322,323,324,325,515,326,327,38,39,328,266,329,268,269,332,333,122,595,533,554,555,556,557,558,560,534,561,535,536,562,596,577,563,537,564,124,334,335,336,131,58,59,41,343,8,344,650,345,346,66,348,351,605,630,352,42,354,356,634,651,652,606,609,621,357,218,220,359,360,654,139,140,141,142,361,362,363,2,607,145,635,548,622,573,588,623,365,367,366,146,43,658,148,616,617,368,370,374,376,377,378,382,385,529,387,388,389,390,391,392,393,394,395,396,636,397,398,155,46,399,400,224,401,402,639,403,404,405,406,407,47,410,411,412,413,414,415,416,417,419,295,297,298,299,425,427,428,4,691,618,539,566,433,434,435,436,625,48,439,440,442,49,446,50,452,163,453,456,457,458,222,169,460,461,692,61,664,619,620,225,665,462,463,464,465,466,468,666,470,473,474,183,185,187,189,190,667,476,227,517,483,201,484,485,486,203,627,608,669,670,671,490,642,643,228,494,495,496,497,499,54,26,672,673,674,63,501,502,67,675,55,506,509, </key>
<key name="window"> 230,70,510,80,250,251,252,68,519,520,521,523,525,526,527,254,599,257,258,84,271,32,290,291,292,293,294,301,109,303,304,305,306,307,221,111,647,312,36,313,37,648,38,332,538,565,578,597,556,557,536,562,563,124,342,5,58,59,344,351,354,634,609,218,359,144,607,548,573,588,623,657,658,368,395,153,636,46,659,399,402,631,639,403,47,415,416,295,297,423,427,618,430,435,14,456,169,460,61,664,620,225,665,667,223,478,226,517,487,488,669,671,495,672,673,674,695,67,675,55,506,509, </key>
<key name="winnt"> 631, </key>
<key name="winrd"> 599,555,600,67, </key>
<key name="wirefram"> 342,41,687,397,297,444,443,449,448,447,667,489,671,673,674,67, </key>
<key name="wish"> 60,12, </key>
<key name="within"> 613,614,17,287,37,333,552,561,535,58,59,344,606,218,220,656,590,531,549,575,617,377,637,400,516,416,418,420,421,4,433,456,619,181,473,183,185,189,190,486,203,608,669,67, </key>
<key name="without"> 64,230,510,512,233,614,611,256,85,259,647,558,347,42,218,220,139,140,141,142,363,656,145,531,549,13,224,631,418,425,427,430,436,619,225,474,608,671,26,67, </key>
<key name="withstand"> 599,601,603,607,548,573,588, </key>
<key name="withx"> 404, </key>
<key name="wizard"> 510,512,513,613,518,528,519,520,521,522,523,524,525,526,527,92,28,109,123,594,532,553,576,558,649,59,630,651,604,600,609,218,139,140,141,142,548,573,588,415,417,618,437,14,664,226,517,669,54,67,55, </key>
<key name="won"> 357,671, </key>
<key name="wood"> 194, </key>
<key name="word"> 65,548,573,588,664,641, </key>
<key name="work"> 632,233,234,235,236,246,245,244,249,253,644,274,277,276,278,646,310,647,315,648,316,326,629,333,560,534,536,562,343,344,345,66,348,42,356,542,583,571,361,362,363,607,364,369,372,374,376,378,382,385,397,398,46,400,402,410,433,436,438,439,440,450,451,457,663,464,466,467,666,471,472,473,474,477,482,483,485,486,668,490,493,494,495,499,26,501,502,503,67, </key>
<key name="workflow"> 417,67, </key>
<key name="workmanship"> 64, </key>
<key name="workspac"> 291,292,294,301,342,297,667,672, </key>
<key name="world"> 230,248,256,292,34,686,313,342,346,357,144,367,400,431,433,457,694,671,496,55, </key>
<key name="worst"> 0,1,4, </key>
<key name="would"> 512,473,503, </key>
<key name="wrist"> 599, </key>
<key name="writ"> 639,425,50,225,227, </key>
<key name="written"> 65,224,225, </key>
<key name="wrong"> 630,621,622,627,494, </key>
<key name="www"> 64,548,573,588,631,54,67,55, </key>
<key name="x"> 265,512,19,0,68,526,599,84,92,95,27,273,102,29,677,678,679,681,683,684,685,277,276,105,106,287,34,36,313,37,317,318,319,320,323,324,325,327,39,268,269,123,569,596,577,563,537,335,339,340,1,350,133,352,136,353,634,606,654,2,574,573,531,549,575,365,367,366,378,379,382,400,224,402,631,404,405,407,421,4,433,164,455,461,174,465,183,185,189,190,667,476,227,592,669,671,492,54,672,67,581,55, </key>
<key name="x_section"> 228, </key>
<key name="x1"> 54,55, </key>
<key name="x11"> 20, </key>
<key name="x140"> 514,515,575,516, </key>
<key name="x2"> 54,55, </key>
<key name="x2122"> 55, </key>
<key name="x35"> 514,515,575,516, </key>
<key name="x70"> 0,514,313,515,575,516, </key>
<key name="x700"> 631, </key>
<key name="xa9"> 55, </key>
<key name="xal"> 338,395, </key>
<key name="xdp"> 338,395, </key>
<key name="xmax"> 183,190, </key>
<key name="xmin"> 183,190, </key>
<key name="xml"> 19,28,6,14,54,67,55, </key>
<key name="xn"> 55, </key>
<key name="xorigin"> 123,224, </key>
<key name="xp"> 634,636,631,639,415,416,669, </key>
<key name="xpd"> 67, </key>
<key name="xx"> 648,634,368, </key>
<key name="xxdxxmx"> 416, </key>
<key name="xxdxxmxx"> 313, </key>
<key name="xxgxxcxx"> 313, </key>
<key name="xxgxxcxxcc"> 416, </key>
<key name="xxx"> 313,425, </key>
<key name="xxxx"> 29, </key>
<key name="xxxxcc"> 313, </key>
<key name="xxxxx"> 512, </key>
<key name="xy"> 277,276,105,106,313,130,339,340,132,342,621,218,656,366,421,4,691,663,67, </key>
<key name="xyz"> 29,313,327,329,422,4,50,664, </key>
<key name="y"> 265,510,512,0,92,95,29,277,276,105,106,287,302,110,34,36,313,37,317,318,319,320,323,324,325,327,39,268,269,123,596,577,563,537,339,340,1,350,133,352,654,2,590,531,549,575,623,365,367,366,379,400,224,631,404,405,407,421,4,433,461,174,465,183,185,189,190,667,227,592,669,492,498,210,54,672,67,55, </key>
<key name="y1"> 54,55, </key>
<key name="y2"> 54,55, </key>
<key name="yard"> 313, </key>
<key name="year"> 64,66, </key>
<key name="yellow"> 519,520,521,522,523,524,527,28,293,303,304,306,307,1,351,548,402,419,295,4,465,671,672,55, </key>
<key name="yes"> 69,70,73,100,104,108,109,115,313,116,117,120,266,329,131,346,352,139,140,141,142,143,153,154,155,156,224,163,222,225,223,227,203,54,212,55, </key>
<key name="yet"> 646,266,329,346, </key>
<key name="ymax"> 183,190, </key>
<key name="ymin"> 183,190, </key>
<key name="yorigin"> 123,224, </key>
<key name="your"> 229,510,511,632,512,513,633,599,24,28,275,33,647,601,603,315,556,564,41,66,621,607,548,622,573,588,636,637,516,402,631,297,427,442,49,50,664,620,478,550,592,540,668,16,608,641,67, </key>
<key name="yourself"> 642,643, </key>
<key name="yz"> 313,366,421, </key>
<key name="z"> 265,18,512,0,247,81,599,92,95,29,287,34,36,313,37,317,318,319,320,323,324,325,327,39,268,269,331,121,123,587,595,533,554,596,577,563,537,339,340,342,1,350,133,352,651,654,589,588,590,531,549,575,623,365,367,366,379,400,224,631,404,405,407,421,4,433,461,174,664,465,667,627,592,669,642,492,493,205,672,67,598,506, </key>
<key name="z140"> 514,515,590,516,592,67, </key>
<key name="z35"> 514,515,590,516,224,592,67, </key>
<key name="z70"> 514,515,143,590,516,227,592,67, </key>
<key name="zero"> 0,518,528,522,523,524,24,17,37,558,58,139,140,141,142,43,370,373,383,416,423,431,461,67, </key>
<key name="zon"> 0,519,1,615,420,295,4, </key>
<key name="zoom"> 18,21,250,252,271,274,342,59,343,344,351,354,218,658,388,389,390,391,392,393,394,46,13,399,400,405,297,299,4,433,456,664,665,465,466,474,195,667,669,694,495,672,673,674,67,504,505,506,507,508,509,214,215,216,217, </key>
<key name="zoomall"> 218,214, </key>
<key name="zoomin"> 218,215, </key>
<key name="zoommod"> 299, </key>
<key name="zoomout"> 218,216, </key>
<key name="zoomsel"> 218,217, </key>
<key name="zorigin"> 123,224, </key>
<key name="zx"> 313,366,421, </key>

</ftswdata>  
